1 0.0621538139398502 0.0436324212706176 0.0894986732619236 0.0739459265179932 0.0826669605941602 0.0993465655557907 0.0807252077141278 0.11357207131506 0.0813835308823204 0.0319040725877285 0.0964226941941515 0.0840189484095405 0.0654110393514718 0.106907287326703 0.205645219092051 0.0811438066226453 0.0891789439722345 0.0519615648220547 0.117628349346968 0.083119460290213 0.103718342096066 0.244597365600749 0.167924404592645 0.0294416013744124 0.203230892405793 0.142709883300501 0.203321123415848 0.156991058203419 0.0886138144011474 0.0846499746424607 0.119418885766447 0.105076300891464 0.0542665416487579 0.0515710623129397 0.0694799460279989 0.0428360330588807 0.0917554837128387 0.0853106945086489 0.0701217474443029 0.0926399280373319 0.0606214524404256 0.13882262056931 0.150617727316775 0.0365376803579641 0.120283353405128 0.0679791222855813 0.145467134818633 0.150787115749916 0.114893814535841 0.20152952132789 0.0493929362738955 0.0901561850358319 0.0569492276925125 0.129328804001061 0.123307537920529 0.0956935590063882 0.105045831029147 0.114339000241 0.108501884626591 0.125078198318565 0.099766235983707 0.0910935990485129 0.0757260904724754 0.0999681154448942 0.106464669720347 0.0248626373742206 0.0598667310482497 0.124457459011433 0.164163256604488 0.117780637712146 0.136315648012773 0.102391990127678 0.0621039810633201 0.110173986096418 0.081426870031018 0.0624095737889805 0.107398407914308 0.197765996158454 0.220934676398869 0.0489066284049201 0.0753822010133385 0.0484755208395024 0.0850602621009141 0.164873088649782 0.114785336920987 0.113617751186106 0.0393325946130639 0.0503443039410837 0.117391084387112 0.142377613849078 0.0649245418576388 0.0623098123521672 0.0655687975624704 0.0585009148847104 0.13278077447342 0.17592430063317 0.187371080445944 0.147179117065706 0.242179105739557 0.132174015006304 0.398859202552611 0.111832504437304 0.146396135691389 0.219608197544379 0.107830596412659 0.191929183307989 0.104936578965236 0.0635304947667648 0.088118522747606 0.0794913467146534 0.0594121442013184 0.040738295957517 0.116917426024664 0.0923813647026772 0.0813835308823204 0.0480429123027703 0.221844819458501 0.0880008150880226 0.103482840959099 0.119676810348783 0.167479214696818 0.178166906105839 0.123868454559034 0.100035511064507 0.105535557837921 0.0774642065475306 0.0518843319867698 0.0783099469397233 0.0318745990531815 0.0679791222855813 0.1203785916304 0.17790842128246 0.0673407607739779 0.0591866206905176 0.0891789439722345 0.0885739181464418 0.0730707565284987 0.193134963818569 0.0679945984661541 0.044839104698374 0.158522714553698 0.0591875688521691 0.119993469920818 0.242754852407518 0.0911745180280485 0.173824069494213 0.0445022284812162 0.0702573262229792 0.0573114166489357 0.0493437462422242 0.105566875672048 0.0769402919137548 0.277290709958916 0.138443260202038 0.0409810140113136 0.0943470752896382 0.140280741402107 0.0300940971191544 0.0750844706167019 0.140327762892267 0.103589468598528 0.140593357427546 0.0885860433927007 0.0333028325523869 0.120740514573328 0.0505010669047586 0.0638709960943335 0.179993119445162
0.0621538139398502 1 0.0257955380157846 0.0458843816170378 0.0393452257003815 0.0472962608675824 0.0556425518001099 0.0389334191225349 0.0417106294977295 0.0710254843177586 0.0586060731247449 0.0411095253899671 0.0944656895312374 0.0276222016156583 0.0905919874151552 0.0911832688693626 0.014718777699948 0.0584534227346958 0.0748793597542595 0.0473047437410911 0.047970313592559 0.116182239223175 0.0271136711210479 0.0640902814146345 0.0317036196893207 0.0527255477394961 0.0491332622903269 0.0764338641356709 0.0899128800434722 0.0551100749405679 0.165403505160171 0.0475656474563733 0.0828283077971673 0.084216411053251 0.0484235022692916 0.0798712145079187 0.0393437495937175 0.0353420572230921 0.349170794655692 0.0991984253257781 0.0701725670319571 0.0716789458600192 0.075592718292504 0.0667840311924306 0.0324016784504167 0.0878438127193422 0.0527485033273054 0.036435257986107 0.051524473452803 0.0767022281710926 0.0943227185095949 0.135644103457181 0.0352723507046597 0.0228691354440392 0.0769432586554634 0.0178935281931786 0.0455352858074061 0.0769539863197397 0.0883126661996879 0.0756927991074851 0.0591571006277409 0.0565814875755561 0.0489587648321612 0.0335770143281891 0.0443259492694309 0.0364401261679815 0.0122490166884088 0.0202247318676545 0.0529771636706372 0.0606584422090583 0.0748284711021752 0.0371393532140032 0.0600891583372139 0.0358620863704992 0.0462801232289595 0.0697195074682792 0.0378675758260425 0.0873043369145799 0.0719054839497464 0.0468720705871296 0.039968876561972 0.0411378873146306 0.0626132130727946 0.058432920499308 0.0688045842792098 0.0309801240909459 0.0636356332039946 0.0465069510265284 0.0263813823249894 0.0444604929679412 0.0394564735746649 0.0723037352271057 0.0859544776213139 0.0445790014639326 0.0542368363231326 0.0626132130727946 0.0598394426917315 0.05538699994122 0.0435062322790995 0.128091893823782 0.0666896694178132 0.0407147089625036 0.0777303924398001 0.0497199629081849 0.0757356955057052 0.0358591351227988 0.0358322386030555 0.056643963858557 0.0429249167134811 0.0701698163690059 0.0378006287558716 0.0720977163900592 0.0722535833310315 0.0643547027308417 0.0508493512511654 0.0710254843177586 0.033635161687268 0.0720181002817893 0.0390196378905479 0.0582855658378588 0.0324284899390345 0.0469517553315185 0.0706578135743254 0.057919201153474 0.0402297085879965 0.0257709160358524 0.0358410746154216 0.0285586235938218 0.0296300360801002 0.0350893860133313 0.0803786717368463 0.0878120832122123 0.0529291216512546 0.0285607365543544 0.0958454574095024 0.0532957677875168 0.0369078635928773 0.0225388778780584 0.0846167321084764 0.0278297206645233 0.0397633959848412 0.0175722773508545 0.0200688031228193 0.0489825732250193 0.0843276346596156 0.0891464104047462 0.0904331923525391 0.0436630209709698 0.040781008809322 0.0312076357291088 0.0437581199357942 0.0497339721962186 0.146885716857991 0.0912396129090832 0.0657262763703514 0.0423990402004279 0.0511299252192759 0.0684206629195198 0.0177916650894325 0.0346242203075751 0.076816607436681 0.0747362609980137 0.107481408399103 0.0673356490790699 0.0369162622421139 0.0599215301808855 0.0447844339109584 0.0658259228456783 0.0708417903569265
0.0436324212706176 0.0257955380157846 1 0.035209800438917 0.0310305836851868 0.0258240211487003 0.0303811423587308 0.510188714474391 0.0577687922200326 0.0575449745864615 0.0353095078216352 0.0718272934805256 0.0232467791366966 0.0603275020571735 0.059816601709906 0.042371550038644 0.0428615167044632 0.0187740550014518 0.113218743754433 0.0397363889919317 0.081770326417721 0.0211453826565184 0.0376834564642285 0.0782210992234362 0.057022337493662 0.0460615071018372 0.0422729022645891 0.0385230594302518 0.0190037155896322 0.0490362188729746 0.0472397216566647 0.12936551771224 0.0267236959014751 0.0262757875595608 0.0293772235727607 0.0398721159125561 0.0503713653701309 0.032311188095748 0.0508397849092406 0.038803265367502 0.0710222064692406 0.0511792880052856 0.0283022016549382 0.0364644519941507 0.0221143705180948 0.0456792473218354 0.0466301513229282 0.0967809076840006 0.0348308983985802 0.0375043366896591 0.0352373403730757 0.00617186949545881 0.0256785325478962 0.022892237468627 0.0380481025993328 0.247505799913873 0.0361636639770374 0.0265372446217138 0.0250025514109369 0.061642790016427 0.00538335092346121 0.0786387802011646 0.0561366908508356 0.0279363601254697 0.0168363231422723 0.0253228325642731 0.0214016996834732 0.011042815941399 0.192838837564627 0.0132479385534479 0.0272378405793731 0.0174949980131467 0.0262472113819281 0.103499034189925 0.0224615149810716 0.016314530719868 0.133598166645847 0.00866702780034879 0.0536244986406409 0.0389004645669924 0.0427178092070674 0.0336922724716073 0.0102051230248722 0.0765712780033515 0.0644017460623416 0.0193317941005063 0.00579090153402681 0.0253930535911311 0.0797781117558441 0.123154649603408 0.0574492099716164 0.0380160839810109 0.0312877481531838 0.0253986599173932 0.0231758717478411 0.0979691810387731 0.0630115741887866 0.058932367472939 0.0443420030424751 0.0435547550641217 0.022068442388522 0.0222304572501952 0.0234158488488888 0.00904912530857603 0.047259554780248 0.0174038106334386 0.0391292026268748 0.0243005077111923 0.0615227627678946 0.0417961194626962 0.044625628693249 0.045422023416704 0.0286915329769963 0.0416450668563099 0.0431884883645788 0.0575449745864615 0.100395251953176 0.0498721635391121 0.108252122635623 0.0920871703787059 0.067605245156362 0.0313909214845662 0.0171464705298836 0.0348956750915284 0.0585750516045295 0.0622089114512245 0.0369644710032885 0.0450469272236629 0.0606681160677428 0.0319316661219148 0.0164577004669158 0.0338441542593794 0.0311226401502732 0.0283533105528562 0.0149520434672086 0.176476117013646 0.0475378119231017 0.049225410069564 0.0222656413248361 0.0810409710275891 0.0347376561282629 0.191891220834468 0.0876614238446931 0.0442671841038872 0.0314442437612504 0.140363487725516 0.0246885126753977 0.0275079830581275 0.0346370225208492 0.0564739121403214 0.00341316807810682 0.0894518473052611 0.0476028283363293 0.0558926202655381 0.024376015688481 0.0281108496324307 0.0744459284785481 0.0434711994275915 0.0582860877936777 0.0552608177946676 0.0268430683847271 0.0238037412899948 0.0469483568075117 0.0435740899843671 0.0349379060190405 0.0707984993217635 0.0434711994275915 0.043463921273773 0.0509205208594518
0.0894986732619236 0.0458843816170378 0.035209800438917 1 0.0495734230394136 0.0595914118278495 0.079844547083875 0.0664610209648656 0.0884440955867832 0.127017059221718 0.0712950738260872 0.0227904030795305 0.0251457084743353 0.0348028778993565 0.0517622099707861 0.0525548288765259 0.0473929715253222 0.0433229370758364 0.0435438562340353 0.0320934384140694 0.0574923650975176 0.0609937545592833 0.0621129993749942 0.109251638786873 0.2678685005164 0.0531456782681411 0.0619059607224779 0.113588903614703 0.056643330413579 0.120870957470305 0.0721391028809874 0.0791539240900559 0.069968891763279 0.0394120390684041 0.0101686152102495 0.107822743647243 0.0777760733021899 0.0414228740617884 0.0238301561909699 0.0820804103542363 0.0517549169506766 0.138942503594182 0.0435400344184108 0.22438727760203 0.0204124145231931 0.044798933519052 0.142416473496141 0.0893325000573837 0.0633731063750294 0.0432724315112383 0.0813135510460868 0.0213632734460957 0.0296278414462486 0.0336165703297943 0.0731663792859524 0.0526053160536883 0.0678040446118343 0.0799486235491732 0.129815530699796 0.0598082568879352 0.0403734495937462 0.195724632380368 0.132625116827071 0.0664803945320939 0.014569287935359 0.0615653104958141 0.0617330997905993 0.0541500140902477 0.0528430564394357 0.0152854460128936 0.0628539361054709 0.0174331002668428 0.0252366516589765 0.111348271203463 0.032395065959301 0.0345100692825987 0.0550518955795034 0.04 0.0850737846115065 0.0366153083227689 0.0803604229413476 0.0453530923430214 0.0141295815727669 0.0789775727369033 0.072758556303279 0.0195168634826143 0.0200445931434318 0.118525573517923 0.117616674023576 0.0778793179993444 0.111027019780166 0.17207747016302 0.252698205333404 0.0512836186514245 0.184210791809842 0.087132419698729 0.160215061742898 0.0697854219945027 0.140694723930503 0.0976075509925288 0.0203700210931678 0.0512989176042577 0.00675429033697874 0.0191415828446461 0.0253165637095213 0.0150603624169219 0.022573599351614 0.0598991052241418 0.0185912690089677 0.172803677944398 0.110701273724568 0.115297255089833 0.384836738200101 0.0630656223886891 0.143560146857565 0.127017059221718 0.158214817511522 0.101805795820748 0.0358758452330595 0.0453125 0.206150261856676 0.0555354700424496 0.0618236397069477 0.0415207678654157 0.0753819105119553 0.0529779093444114 0.0564479146602105 0.10395011591367 0.0466658370591598 0.081053928851348 0.0379777262656375 0.0564045734281756 0.0307793505625546 0.039256794194266 0.0517549169506766 0.0909781678592564 0.0894277759734614 0.166838788810075 0.0256900541197526 0.131491288747177 0.0776554665554446 0.0359781047250664 0.0466816533067108 0.0106407066344844 0.048373743934047 0.0548544123131252 0.0414335395232521 0.060303450057399 0.246921231416255 0.0763938861960966 0.0255976939485546 0.0294883912309794 0.0883560832385381 0.050469493868284 0.025 0.0467434696088925 0.107369461298417 0.0360503338726154 0.162521741877555 0.119130199800489 0.0329071981950084 0.0372735362216017 0.0433351390017439 0.10212251802998 0.100778221853732 0.0903509632966215 0.153605770413753 0.18516401995451 0.0677907680683301
0.0739459265179932 0.0393452257003815 0.0310305836851868 0.0495734230394136 1 0.0551441383370808 0.0446232434729375 0.071123689186901 0.041797264524803 0.063602731414348 0.0516125966186396 0.124163691201328 0.0723927506339266 0.0521423331815033 0.0327516071135856 0.0538568013366409 0.01997584548152 0.0458168807887004 0.0298475576118532 0.0619556855596541 0.0493691381367954 0.0416594422770733 0.0437924123628575 0.113029099979079 0.0662663659791114 0.0596114499895657 0.0545580511921194 0.0641987353656068 0.0354271444765476 0.038530035303461 0.0339075059181318 0.041855263617557 0.0627091068199769 0.0427495862828612 0.0328593996975991 0.300278226662049 0.156673063991016 0.160627272910985 0.0193861319212349 0.0213725615250949 0.0513133678473121 0.0596947477431901 0.0287790472716601 0.0617980302068208 0.0584660994905938 0.0348366507145809 0.101804496287133 0.0940376622765749 0.0708354836664961 0.0584755421923144 0.034452915084142 0.0345172044816287 0.0235000562841528 0.0158713186866009 0.0403011985844967 0.0596074419851781 0.0264305666695699 0.0224869613425361 0.13983091837064 0.0327652614817908 0.0328443092721431 0.103952828847157 0.0733917881538981 0.0710176047831188 0.0663399517045327 0.0331064751919928 0.369958813971294 0.0533371289575269 0.0759840439191582 0.0269422891215392 0.0398140830987344 0.0444743999933745 0.0385514043597129 0.0213330046495715 0.0437765796875533 0.0304139069096131 0.0194070109061998 0.041862001677727 0.0623176952849756 0.131158949000488 0.176583019205275 0.312146046467771 0.028018068987067 0.128589245952985 0.109144682859104 0.0147431273116362 0.0264981092147273 0.0950678032771919 0.0383077253501884 0.0722478479944331 0.18547440302134 0.0728528090585148 0.102262163545253 0.0344354474991614 0.170201395900488 0.0612246692680352 0.0735655439850788 0.0457324513499746 0.0579716909616233 0.0366232498023026 0.044880518798817 0.107373768740751 0.04762073489153 0.0398735489035025 0.0635023080191802 0.0575153678451696 0.0568406648980212 0.0482966840159717 0.0521327669005872 0.0584379337206489 0.068066245871007 0.0831371578451122 0.0474092745540209 0.034406708243758 0.0167299594149975 0.063602731414348 0.185499089184245 0.0604648175098241 0.0351306361014319 0.0688519764436299 0.14239887090955 0.0446877297408678 0.0348707207967722 0.0410279239550713 0.0355080826112428 0.141575256371255 0.0939681540808624 0.121561795525377 0.160394712886864 0.134207937317265 0.0669399427641421 0.080300202910311 0.0576427600608241 0.0663113397223134 0.0329419151612374 0.0381807339905837 0.0935249650519138 0.172063297262823 0.0418854445057825 0.0437783884689561 0.0375306116202973 0.0829278159227752 0.0599969830847026 0.0300086756368832 0.0662319143707053 0.0460414135395043 0.172307977668762 0.133330565920224 0.167297847460569 0.0742569889808611 0.0277653948377739 0.045479482012069 0.0294638264960267 0.0988422941281 0.0440652649239232 0.134515158973336 0.215057443493348 0.077356331052861 0.0913716736669244 0.0561918718187723 0.0307072462524796 0.0985480948953795 0.0739960072492917 0.0553853022977131 0.219991343437539 0.20288467914693 0.116034496579291 0.0968917064248799 0.0507827086235623
0.0826669605941602 0.0472962608675824 0.0258240211487003 0.0595914118278495 0.0551441383370808 1 0.044563193326673 0.0482804549585268 0.0146657628489842 0.189916249484297 0.0291330795817186 0.0316069770620507 0.0351640553885201 0.0597298357352136 0.0101237601525784 0.0512743902695521 0.0353640720072336 0.0619601996370762 0.0691957298510686 0.0524569592366959 0.0449779030053186 0.026169868417457 0.0769891475728593 0.11775439610102 0.0985764398202355 0.0368526661881855 0.0357727379395089 0.0353161207011008 0.0487807839170803 0.0269724531237562 0.0183418495516694 0.0215629444033868 0.0881964782231581 0.023124864503144 0.0452451728745642 0.0603122387046455 0.167870930811039 0.0454194348704888 0.017477817249207 0.0142292001059438 0.0328975847479884 0.0827977995207337 0.0155676727321576 0.0713149582320669 0.00973123680201904 0.0402015126103685 0.371155997493674 0.0970050852541194 0.0353700796641201 0.0522609498160999 0.0387647144605778 0.013579388009784 0.0225992307352784 0.0137366323663724 0.0767375459836802 0.0429918864451134 0.0248648538218935 0.0778498944161523 0.102162874687564 0.0339067183879458 0.0296112106049459 0.145832460547591 0.0882230841550732 0.0499409332339578 0.0509346603271437 0.0258678937149024 0.0529741810516512 0.0121482382687466 0.063642792525973 0.0291482018664544 0.0299644383316996 0.038492610128215 0.0320829376462091 0.0523138836662164 0.049419973549339 0.0179476690981262 0.0349932819347409 0.0381385035698237 0.0337099931231621 0.0765796843291225 0.200235316778447 0.0617749669366738 0.0134720274313271 0.0408418500306766 0.070848573429136 0.0106334852514778 0.0318529494648516 0.0279349820764133 0.0633852296168983 0.0599251007835692 0.0821600851836205 0.135116001384382 0.0688395100442577 0.0512254409598074 0.0708218139217714 0.0718508129670779 0.0333759307373419 0.0750682749344844 0.0383277587919917 0.0313288618037105 0.0291330795817186 0.0917092477583472 0.0193198894596367 0.0398198904901424 0.0631311905461201 0.0239324869083589 0.0645692474591475 0.0340239056785984 0.0386750825163309 0.145603488459373 0.0368196010737948 0.183219365618103 0.0868000378763884 0.0400871410767362 0.03393699900875 0.189916249484297 0.0538756819862697 0.016881394379732 0.030405578922033 0.0595914118278495 0.116871469561014 0.0207199538067307 0.0400836387622696 0.0359895443967495 0.0446113437386949 0.0325886803976392 0.0334886065854284 0.0800524415423068 0.0378200103569785 0.0632306363491099 0.0362103412188951 0.0455058582221028 0.0489115988044518 0.049906512850595 0.0383805155393199 0.111528359346737 0.118235573844449 0.0676912951342353 0.11512417593873 0.117013889656648 0.0334381339017549 0.0211100165460375 0.0408001091960747 0.0527566816354147 0.0593004280408197 0.0298866457117815 0.0370362467582339 0.0665755705214599 0.0979824929393145 0.0407039864166531 0.0262838622855901 0.0632611751754975 0.0455374161622787 0.0855480432027886 0.068530123602027 0.0691261095272432 0.115402025521465 0.0567895868582337 0.0641207175803906 0.02879649855865 0.0295301481372523 0.0374093919538818 0.0516480422974005 0.0209720000993234 0.0650443635587991 0.0896865208058616 0.125534876212938 0.1176979772673 0.0409361087912724
0.0993465655557907 0.0556425518001099 0.0303811423587308 0.079844547083875 0.0446232434729375 0.044563193326673 1 0.0414169765281687 0.0335490655562842 0.0971436729997559 0.0222147234300697 0.0387339653054168 0.0877532655119936 0.0216883513997231 0.0612056206383312 0.14928343699757 0.0590684151632911 0.11339099484477 0.0180903517621693 0.125713601560493 0.0440958977151959 0.0285074265818401 0.0967684742071691 0.0296013492839329 0.0615003332323002 0.207747469725353 0.0678044043043541 0.152343754269203 0.127531213586979 0.048079145721943 0.023976227367834 0.0436895410810514 0.193626884745567 0.147364046473462 0.0929404174075662 0.0358360793781276 0.0340875649160988 0.034848603588741 0.0479782286986877 0.0279003381890239 0.0913820024142253 0.0714332569591894 0.152623946114093 0.0436978062232141 0.101764370262957 0.0459820329810003 0.0276113176854458 0.0726802192578311 0.0481617796627003 0.15101173926481 0.0350811214382032 0.0421581488886077 0.118165682892729 0.0284308832431596 0.196061085566218 0.040587758791092 0.0617557261792111 0.097524188168667 0.0333864955270776 0.0785715656229446 0.0928977352388824 0.093699637619302 0.190284713985769 0.0803472478812312 0.0877660297872278 0.0429179907006443 0.0153882580069902 0.0317600383788536 0.0623947734780541 0.17145967804676 0.0905786001213976 0.0411684870430055 0.0712952785537384 0.0422371943022293 0.0430674314493526 0.0547422395371443 0.0457427633811172 0.158910122976688 0.117048359954171 0.0691895073940103 0.0133543369328818 0.0403757169837681 0.0146753826492649 0.0333674597434938 0.202589481622834 0.0764497455183332 0.0874392993336587 0.0414957335616118 0.0828563484165529 0.034057962161999 0.049568582593858 0.0651818846827225 0.0160689487337013 0.0334806153547943 0.0314763006238011 0.0616366071269124 0.095647277928097 0.0981282734257546 0.0751523222923271 0.15176581785216 0.0602971064530463 0.031968303157112 0.168364722834438 0.0412078676594739 0.0728155339805825 0.100109554771097 0.0663174923342959 0.0714786546485251 0.0442361195969073 0.0500871020756374 0.0368997464193966 0.0914462081257748 0.0438383178446777 0.0561443462710809 0.150830813829336 0.0971436729997559 0.0739468709043831 0.204121038957798 0.041401851691199 0.0428434155084207 0.0763864330888243 0.135424271723997 0.0678076386357161 0.0470450647242761 0.0275378130337298 0.0383395495512785 0.0234513596351154 0.0635335603972395 0.0407135037969946 0.0290820565928362 0.0946673749215284 0.113561636017073 0.115085891365603 0.0122319646923163 0.107508238134383 0.0269978559154214 0.0639029638411922 0.123879253820365 0.136080321981588 0.018209409032834 0.0593205705408267 0.0448414513437525 0.0315151746668035 0.0689628486211199 0.205634708838071 0.0488342935937964 0.0903714941705806 0.0303274935375873 0.0569250850729772 0.0364052835181441 0.0539910221733077 0.0643177002711713 0.0863125819908981 0.108332687491323 0.0895816869721524 0.0380466324329728 0.0583943334292949 0.109398372510379 0.0349240703017549 0.0418248985374938 0.0386014258785662 0.163818587846564 0.0303811423587308 0.0332888244078628 0.0405801836731363 0.0694166769791861 0.058606270987703 0.064906846724623 0.0521029612739386
0.0807252077141278 0.0389334191225349 0.510188714474391 0.0664610209648656 0.071123689186901 0.0482804549585268 0.0414169765281687 1 0.0428382170111003 0.0730881682755858 0.0567311862407831 0.0818317088384971 0.0763981466555062 0.0458201178974298 0.041668473351401 0.0569376704685058 0.0396494709455918 0.0526498126492656 0.0906470757725026 0.0541704808450055 0.0612106676687468 0.0463280822913188 0.0503234237397598 0.0914010989060673 0.0499728113084844 0.0636086697675111 0.0569950940734442 0.0625195404100444 0.0444115591684328 0.0703210846407743 0.0292232437574699 0.0939044026968922 0.075664335984288 0.042984440694044 0.0205963138642909 0.0611499488087786 0.0761701805497529 0.0629258628901829 0.0148515306451371 0.052898403620438 0.126667751103898 0.079150805522433 0.0606302219870908 0.0899514741772047 0.0155043418236511 0.066720064085453 0.0560897435897436 0.0929836101116752 0.11896861982118 0.0715787016714092 0.0522602178714885 0.0126206663500366 0.0360063376731948 0.0291812778508452 0.0815083199148448 0.139531004604746 0.0435776583164376 0.0637400719416766 0.0542571707676519 0.0753034623363508 0.0440329957722898 0.0984526690329025 0.0624719427324861 0.0571262046997984 0.0614787143438131 0.0665767060323378 0.0156298851025111 0.0645174717615637 0.163365374996208 0.0464405187620682 0.045751783619186 0.0492486793325825 0.035781410879792 0.18140742500282 0.0721770689117635 0.0571904275471732 0.104072680853759 0.045573271518765 0.0749682758760031 0.065790226764535 0.057511475800192 0.0393693103155074 0.0488910769554666 0.0474479558636974 0.0783887811281959 0.0367073496601336 0.0439832219093123 0.0579946866880236 0.054378603395469 0.112080483312012 0.0721639052369865 0.0734666079760487 0.0522280450066389 0.0321514387348785 0.0376124033684437 0.0953972233277397 0.0818097984336673 0.112354244470449 0.0795707101767753 0.0822127207013849 0.0773607085101587 0.0616935145991031 0.0376218464653415 0.0581563034851994 0.063111583281019 0.0330464807880222 0.0457223454403077 0.0580808124704444 0.0513493909347931 0.124131515503482 0.0638775041450183 0.0477679373779751 0.054479689148162 0.0638690385026585 0.0576749800728472 0.0730881682755858 0.0901295854593058 0.069482279434208 0.133220562914708 0.131339636668663 0.0470217310173113 0.0672470135430791 0.0450800882982885 0.0484208852853412 0.0908209268199832 0.109036364705456 0.0940079972688201 0.0556739481050733 0.0543493798308815 0.067161685585548 0.0416666666666667 0.0593201755325161 0.0324702708416332 0.0463830510570405 0.0524142418360959 0.236924156921695 0.0990199519680425 0.0575197308543051 0.0572381241290835 0.0651035755542732 0.0304431282773992 0.123323345565991 0.0866733047111386 0.032328787506992 0.0813583842467281 0.113751837177755 0.0340936184816617 0.0653574096226245 0.0708281834079589 0.0409590507998629 0.0159531029958527 0.153053280191835 0.067715868834478 0.0823478252799316 0.0522193736152516 0.0627965687501079 0.0850127827639514 0.0492085809386318 0.0709448991406939 0.0526772272893162 0.035286792429716 0.0536424311586814 0.0603449017120247 0.0716008806516961 0.0455353862440463 0.101529591344357 0.0476212073599662 0.0976681731121865 0.0869622140936726
0.11357207131506 0.0417106294977295 0.0577687922200326 0.0884440955867832 0.041797264524803 0.0146657628489842 0.0335490655562842 0.0428382170111003 1 0.0438107647217323 0.018799388793067 0.0322933166209171 0.0508831594508091 0.0285505767849353 0.113235152916761 0.0772030795864033 0.0676154314400873 0.0337630153131009 0.0555663848107927 0.0564168970892422 0.159631732658789 0.0637962690737021 0.02802495470977 0.0370188955853709 0.0925247160896469 0.116922209423997 0.052323546577015 0.125594173989987 0.0899369313562268 0.0812240353988348 0.0631246799595058 0.19851252430364 0.154685582249916 0.0746116313179605 0.0250255019308668 0.0424571995072154 0.0266432957642564 0.0705111922409293 0.0812039256530581 0.162215532410494 0.0495333994250847 0.0313449471903673 0.0647390782682081 0.0498540072991296 0.0544223722578606 0.0518835548100417 0.0259625557643032 0.0417311715474839 0.0621322308808166 0.072180453781643 0.151370525892364 0.030669420964618 0.0947903981404573 0.144781287769301 0.0630232204565416 0.0657597337730787 0.0759469494939024 0.0376770269477496 0.0169038578600218 0.067628433157627 0.0254772315543364 0.0659264904124301 0.0354229795242202 0.0380108177366857 0.0398397679547441 0.0299606916781153 0.0202571248370947 0.0679395598719518 0.0479129985812952 0.0658320148713517 0.0531736129235618 0.0662374230119133 0.0786710702390177 0.0847254902175507 0.0832693540987019 0.077210102547647 0.0391402954161306 0.049221061891775 0.0824795245916613 0.0707332462749056 0.0263695023416352 0.0336620793164965 0.0260802378411765 0.199858621250181 0.0571476606855302 0.0251596385702903 0.0137030022181709 0.0633650498526706 0.0272680538735686 0.0571632863444687 0.0435014353214637 0.0553584039808762 0.0401910554572216 0.0360604881096564 0.0158429650809767 0.111082494508715 0.161253431180125 0.123304553979207 0.140901192458089 0.0602525405027386 0.0229770307470819 0.0631246799595058 0.0581793349745034 0.0228404614279482 0.0495248110592767 0.05147826601638 0.062168496366522 0.0982765855166475 0.0762568335447531 0.0758249426845867 0.0633585377383174 0.0329611683234227 0.049222232470081 0.101008280171679 0.0875973083512628 0.0438107647217323 0.0869140772871711 0.0907787930622186 0.0610416315577933 0.0743443122323685 0.068560370255764 0.217888861519062 0.107520223605797 0.0670910396557309 0.111951050775019 0.0406565804770997 0.0463071050191975 0.0352581744918092 0.0440247227039742 0.0231716894739812 0.0778876672929096 0.0765260249913835 0.0578642899628804 0.0563576153206687 0.0283047996714769 0.0408710185369116 0.0332575162811422 0.0320325552658384 0.102213082626371 0.112663192776941 0.104804575700844 0.0363257542445385 0.0494648173230693 0.0593579797138599 0.0694460387866759 0.0557141293738359 0.0902860620457761 0.0355836823830628 0.0187340658403588 0.0580617295682625 0.0339216144111525 0.0695486424728854 0.0636675035369209 0.106956978502025 0.0730625137456035 0.0305203283046151 0.0512469226652694 0.0848643167930205 0.0160909336235631 0.123881301497734 0.0349352933910893 0.0563267597939536 0.0555469155961852 0.163686026954664 0.0241661053356169 0.0375674208189421 0.038574689451373 0.0395571600968351 0.0908333033046275
0.0813835308823204 0.0710254843177586 0.0575449745864615 0.127017059221718 0.063602731414348 0.189916249484297 0.0971436729997559 0.0730881682755858 0.0438107647217323 1 0.0540989309430783 0.0574169251763215 0.0464572209811883 0.0225046650346192 0.0281991095298919 0.0440319716972651 0.0456832192576129 0.0560280210175153 0.0446934348769327 0.0451758453213469 0.03540611462976 0.0493006648591635 0.0430331482911935 0.13383179989021 0.160623050739113 0.0535569541603663 0.09531046156684 0.0798372327917081 0.0489490694090439 0.0368226599968229 0.0459070380263297 0.0396933142050455 0.107358989354686 0.0560112033611204 0.100195886573624 0.0770258437126609 0.0639512437003964 0.123404018649336 0.0372533705867226 0.0430810427392848 0.0358568582800318 0.285577830993054 0.0502757011839901 0.0971625413446943 0.0306412938514171 0.0681610293784207 0.156408680109754 0.147851609805803 0.0771035286380615 0.0772818292761161 0.0375571204681781 0.00657818222659996 0.0602118606654371 0.0343808350744743 0.0743470266464198 0.0509087431967124 0.0626346934540607 0.0644252845081077 0.112304580674965 0.0851125558139963 0.0229510124219699 0.299342170044625 0.384636458853619 0.0762997052526746 0.0358894178618908 0.0385570154169504 0.0855398922768301 0.0559065392019675 0.0796444243084997 0.0741304735099118 0.0816496580927726 0.0398362308377226 0.0310834936080105 0.0581377674149945 0.067830634855319 0.0405733191361242 0.0406838102172486 0.0484974226119286 0.121453866412999 0.0458257569495584 0.0801724812204313 0.0778057282163954 0.0391570450779539 0.0358599040951386 0.0600613183604072 0.0309066963714502 0.0370328039909021 0.0861151285276392 0.231470949706178 0.0454369467397652 0.18675535594992 0.313241470082164 0.133390058855293 0.0473737776534688 0.0795940737272864 0.0902787428186159 0.0858153199698709 0.140500666042798 0.0590764630798805 0.0669549455530416 0.0799723326984636 0.0651583765535002 0.0374360769046998 0.0675139951038577 0.0809530608331299 0.0115934723940042 0.0372367818920946 0.068282564850104 0.0296639722430808 0.209745344140122 0.117719583409616 0.516397779494322 0.143345544770249 0.0568704425360594 0.0526076759377143 1 0.140932852683529 0.0531553980583132 0.0601442083693571 0.0519615242270663 0.23675510582129 0.0356879789396376 0.0502570041981409 0.0511403232086565 0.0624312234195171 0.0915630964038076 0.11124127991216 0.0775586569542188 0.107770134352261 0.106639314382377 0.0380058475033046 0.112224674247868 0.0473879102207274 0.0332418836868525 0.111554670204543 0.0880440330275241 0.0980303444754425 0.160677329767068 0.0439031925981443 0.0323910532071566 0.0694210134500623 0.0664702990334388 0.0485129971851233 0.0570108897132269 0.0614429069804706 0.0458463988258445 0.0944905775290529 0.0967524238384995 0.0698791407132566 0.0871742725604629 0.032740804781904 0.0681005224606999 0.100370360394601 0.0893582993368683 0.044744645862196 0.206205420871934 0.122627070314771 0.0868744485526139 0.0647117044290849 0.048049024014112 0.0554323173478681 0.0670514348070793 0.0525410637528561 0.0493453723408656 0.0816370956404953 0.110902418392156 0.147686562539444 0.238753376108432 0.057403893349472
0.0319040725877285 0.0586060731247449 0.0353095078216352 0.0712950738260872 0.0516125966186396 0.0291330795817186 0.0222147234300697 0.0567311862407831 0.018799388793067 0.0540989309430783 1 0.0506444717947453 0.0218546607797273 0.0113429657106054 0.0259543952968343 0.0298756178445392 0.0235052897651165 0.052949348523166 0.015768698132714 0.0547899747955476 0.00960919540293362 0.024848881338482 0.0354268070079993 0.104499775716343 0.0650949326997494 0.0334615199721029 0.0336273526855917 0.0462761672516259 0.0327537656475629 0.0398133915840073 0.0235116007572466 0.0221124631312655 0.021258231609382 0.0296427347870084 0.0110471950037914 0.327988499987689 0.0654611972961235 0.0354389623718869 0.0418208675673203 0.0334395938050332 0.00702832499973618 0.0169815703737062 0.022172785487507 0.0457077357779184 0.0166320525759971 0.0257662650560332 0.128934514183598 0.0545911473142295 0.0251885173385154 0.0376089746191608 0.0203859538457743 0.014505677690536 0.00482815804164091 0.0293472962870515 0.023846411029849 0.028575237270037 0.023373643089841 0.0554401752533238 0.0503684780681067 0.0474147420072455 0.0202438897188568 0.0697050020510409 0.0351833209130398 0.0492438923236679 0.031656181605941 0.0170045650631479 0.0352101272566719 0.0363353341388035 0.0135968106227212 0.0124545943080448 0.0608159602022104 0.0164473213545425 0.0137085633763808 0.0552249267190128 0.0140776144406511 0.0178938031799728 0.0119616882578491 0.0570360590608697 0.0612160652035407 0.03849572143833 0.0488900461764179 0.049271650542279 0.019187991644993 0.0370836230279925 0.0227044084075848 0.0136305915707427 0.0272205856757115 0.0564256892122583 0.0375003255250719 0.0356244962889693 0.0891146868650826 0.115466126485448 0.117656406236505 0.0358165163541767 0.208196440947731 0.063320372428477 0.0548501544058154 0.0466553605915449 0.0744403764717338 0.025197850266237 0.016597510373444 0.0313488010096621 0.0220136058613818 0.0311931557041647 0.0317353191858138 0.0327231893443679 0.0525513937075537 0.068535862496957 0.0165252890994078 0.134251718281747 0.0650275401907998 0.0626295338177131 0.141610135024345 0.0318103328724715 0.034801863109609 0.0540989309430783 0.117403426905737 0.0180329235502207 0.017322470497959 0.0305550316397516 0.118033961883185 0.0452503478473474 0.0402991630363817 0.024604477591943 0.0211797394092664 0.0473438431584491 0.0511042316575032 0.0488646012415084 0.0380233634090166 0.168108969930219 0.0309442834040635 0.0459584940193227 0.0313488010096621 0.0319864690314938 0.00937109999964824 0.0247096959774775 0.106869880063143 0.11569394543727 0.0209322777721593 0.0523791708068015 0.0122465302585873 0.0135299954241563 0.0570543757512986 0.0104040680923515 0.0154844514674462 0.0340536544265655 0.0295400725918636 0.289639674867201 0.0488442101911222 0.0585842851088394 0.0320877271180622 0.0240271660551454 0.0525351486924596 0.0411225861863378 0.0178237684565218 0.0450821198287815 0.171788192488994 0.0204339773607212 0.0958924103627963 0.084763070609405 0.025235588568447 0.0255751652732961 0.0397231962993397 0.0358440982757087 0.0378988523980146 0.0685757095416625 0.0459764490616226 0.097438037297702 0.0239355891748814
0.0964226941941515 0.0411095253899671 0.0718272934805256 0.0227904030795305 0.124163691201328 0.0316069770620507 0.0387339653054168 0.0818317088384971 0.0322933166209171 0.0574169251763215 0.0506444717947453 1 0.0444571796829454 0.041533350056065 0.0299182660354173 0.0777901669017777 0.0191259686182239 0.0287228275941075 0.0449077931085287 0.0607935499357698 0.0508227558620298 0.0323507724041313 0.0329444140738267 0.110224330089263 0.0373884392670816 0.054454464275892 0.0397995173840285 0.0392915007555948 0.058148380462958 0.0477409916026289 0.040387885791179 0.0509791537882795 0.080197799999479 0.0482398660863176 0.071911746529662 0.101033239900829 0.107663258819582 0.171644363014688 0.0704889156304149 0.0321565530972325 0.0457509010871678 0.0414530922998032 0.0360834521633532 0.040291148201269 0.0304499228602931 0.0524142418360959 0.0860282067276509 0.210584429579373 0.0758336846211813 0.0975437652848433 0.0311021304196078 0.0212455685644255 0.0432147487319312 0.0159196922175044 0.0460833952583806 0.0564674994114607 0.0760753972739038 0.0270665980980383 0.109291249246994 0.0450109325541631 0.02470831055537 0.0962489190855915 0.071570601595641 0.0454117109432679 0.0160989064062338 0.0456601461776071 0.032742917296329 0.00844731994270118 0.070069210543076 0.0354695320900324 0.0729255692570993 0.0328491462252857 0.0334634742508088 0.0256776295506548 0.103093054045153 0.0353599275829425 0.0194661607260952 0.0265197417652718 0.0600659264639947 0.0861396268962261 0.107977641670663 0.140321101339236 0.0296647676527554 0.0656738973445203 0.0472121030432658 0.0184850778438213 0.00885962389922918 0.107718721201595 0.0271231636730035 0.059786140589945 0.166996268588707 0.0715835305465812 0.0820590753059942 0.0550487654719422 0.143798891907116 0.12802689197505 0.0499866125215147 0.0735531185622009 0.0557255312770015 0.0474136142210452 0.0270103849571975 0.0212567819953574 0.0313463562202607 0.0346111250467208 0.0671388731960558 0.0565812306433245 0.0641406455911619 0.0523869924233698 0.0627499922262849 0.0879240663957923 0.0921694978966046 0.0625429110932804 0.0932785514089008 0.027874733666903 0.034610709294974 0.0574169251763215 0.056193965676498 0.0880390244143774 0.0528565639550888 0.0828741930164745 0.091117528488037 0.060832478613992 0.0623027844806635 0.026693819192403 0.0499777200137471 0.13596391694301 0.119758729598151 0.0980759793543486 0.143867041463041 0.0797931317028218 0.0209824894457685 0.0604087099146272 0.0578184470273721 0 0.0457509010871678 0.0402119586317505 0.115417940905661 0.0376555029419057 0.056206722098315 0.046494866959439 0.0265729408995109 0.0844038118068897 0.0773740869293699 0.0903004134868928 0.0595613198769788 0.0554180894944696 0.0515065672770858 0.105212626518236 0.130587232154052 0.0834213114150725 0.0156656361531261 0.136854291090804 0.0506633623973382 0.059486130862705 0.0310778223811779 0.120167704701901 0.225204276071456 0.0540373568830292 0.078026488915977 0.182438574001863 0.0744353575063442 0.0234114763091538 0.104149575546762 0.0333324653116847 0.137742332370249 0.216632271481393 0.0872911149648933 0.107417231105915 0.059926455441385
