1 0.0826989337952482 0.0506510233031437 0.0721056575164682 0.128828207375127 0.0839815992936196 0.150562781562807 0.0720649237088733 0.0932446962939718 0.094435420306519 0.105384931061401 0.0784072118324122 0.351647319858195 0.041560779159614 0.0642308583406952 0.421594961977477 0.112612517734958 0.235712354631106 0.0641223449891187 0.163430001260152 0.13074130788591 0.151646781494431 0.200476117594992 0.0643761598199377 0.0351009021679612 0.182164417004363 0.141504656470222 0.17906893846901 0.230024718887815 0.0825525962618009 0.133012156454383 0.089282297936615 0.201032276659825 0.212539222066309 0.179089930796934 0.091683723147095 0.19165430196792 0.141378481985506 0.079136678647807 0.101986375912232 0.153186823422948 0.115392209977543 0.122679729970742 0.119670518981408 0.194728156680191 0.247957642656622 0.111519272878504 0.107560224927415 0.125694594872759 0.171438214033408 0.23102533621711 0.112621026804143 0.0787665774098638 0.165509147858964 0.1482486933379 0.0855313778795287 0.141238700169604 0.259898336570914 0.0548529152561727 0.149242087135945 0.147726829007888 0.115634342760715 0.141629618185389 0.12803735502953 0.267002992317788 0.0917304886299356 0.188435087755371 0.145657825800495 0.181550614430851 0.0837789959723097 0.120151221306957 0.198133180416018 0.210542847651232 0.0457423329655702 0.0793535534314794 0.0957463375995371 0.0440818631627394 0.0808768759038938 0.248934364585368 0.424550836320837 0.170752385603751 0.122174865122964 0.0624838974332476 0.0865831093568655 0.304731490030961 0.227483703303682 0.119650771441721 0.0827008682506068 0.0488002733708231 0.128087943506977 0.10876895741856 0.144351390748791 0.00411345034894864 0.122955035668491 0.073680960340134 0.0906260663326697 0.26747913265989 0.12268362744205 0.111405946950692 0.199467014182834 0.362526594118645 0.466885722334496 0.192730415433937 0.252366834017465 0.253131982842223 0.245648839881688 0.393355765204622 0.247459940544014 0.0898439408443968 0.136903902943473 0.0783360418923276 0.092510408006384 0.102326112913177 0.105097483889513 0.0991895071588359 0.094435420306519 0.0532507090896842 0.37414946067291 0.0683387680372933 0.0935238308299579 0.143219467746479 0.152624594824546 0.267684271942513 0.137887752773429 0.0734544705169399 0.147423789105437 0.139338479676709 0.124575407259516 0.0935997172544012 0.101554326885614 0.236216022101596 0.212799887881707 0.194791771120285 0.0757481091667942 0.115136440609293 0.118223748268623 0.114882416161688 0.0533252249899554 0.152479725837056 0.100461758618689 0.0730824048494282 0.135772343387348 0.123904716229097 0.197363554448964 0.302743190445826 0.0391307795727287 0.252235686747558 0.0880359259882005 0.0889489704654471 0.10569336515759 0.101762192914448 0.106468264317589 0.0583293286066358 0.342920713043179 0.339209743878973 0.100128168588842 0.125687327895411 0.360825933880641 0.0716909611361812 0.127659014174488 0.0896424919979438 0.22434967382597 0.087744977177233 0.139002811523324 0.11528102671272 0.162671173256319 0.0356235249939548 0.0958755157590496 0.197927074710746
0.0826989337952482 1 0.0214992230663369 0.017900541203075 0.0221658530677988 0.0339814919986509 0.0622964357177074 0.0271773007844367 0.0302658664656444 0.0264690337833202 0.0381533027347139 0.030463405619087 0.0744158891023833 0.0214950897926149 0.106038161953192 0.0777565404707565 0.061394764106955 0.0467449573492311 0.0206352862009103 0.0306404668250077 0.0624396240518565 0.0553209278758954 0.0540488493201335 0.0448203605321131 0.00762470687139621 0.0428098828525091 0.04795999980816 0.0753168348039946 0.0411161306853418 0.0664158668393809 0.188341103795405 0.0323235448153579 0.0430233894623997 0.0959051811395413 0.0714533296428523 0.0436749354291452 0.0328670785969879 0.0250476459051725 0.456616540786646 0.0881385310421651 0.0827190796560959 0.0811654091281886 0.0409981564056053 0.0301963668843839 0.0643479944271298 0.113874880255329 0.0144193445876246 0.0295413275084052 0.0752818017692281 0.0806065867223059 0.0444014006723214 0.113785231094999 0.0699949449920637 0.0273922409861628 0.0491231542065734 0.0331773973825018 0.0474520862452711 0.0992940765141754 0.0189131574312715 0.0389414344304861 0.0870404073289342 0.0325608691975572 0.0776453643808444 0.0414230191148455 0.0868585050092803 0.0407840653526997 0.0419818943843515 0.0461419026803988 0.0911712916437453 0.115102798431394 0.0353892238746686 0.0535717401952616 0.0381122088526393 0.0382164054674512 0.0266768974033008 0.0827203600551085 0.0752366525851301 0.0854013602666192 0.0802781545637883 0.0764450506855924 0.0403964279652352 0.0167776132223985 0.0620776524810414 0.0189535992266287 0.134401521354657 0.105309773858759 0.0471179036391724 0.0243269163360978 0.0185088426659759 0.0235543597932183 0.0262522982412077 0.0336593852788707 0.00297844701072514 0.0515041955515588 0.0271983193052324 0.0273416995328618 0.0406371614431884 0.0283506896619494 0.0297844701072514 0.0541609125307947 0.0758512565192215 0.0829001447151995 0.0930341977381174 0.0917952210847876 0.04881931954757 0.0348003020679329 0.0723644666293623 0.050085631602491 0.0586550306627603 0.0247821771194352 0.0249573183595095 0.0470701777928191 0.0136086963767706 0.0319834158215119 0.0462573698772422 0.0264690337833202 0.0171366724447386 0.0649599003303298 0.0240725193719415 0.0164165522481851 0.0366005829714082 0.0363709294226076 0.0434860458051465 0.0506885532073453 0.0308482011825103 0.0381235343569811 0.0260029703329347 0.0237373556891432 0.0260666251903198 0.0456795662671155 0.102251063155147 0.104339738404171 0.0806902156882061 0.0238466610516848 0.121261717542502 0.0314459535089845 0.0271946051254616 0.00702026692896182 0.0523964351854415 0.0237809923147819 0.0446164208193432 0.117852804212889 0.0897163209376343 0.128926098819361 0.0943815704084316 0.0468970319890085 0.0606133461350749 0.0173848971070983 0.0218519459751213 0.0459179609527895 0.0544252910425863 0.0340634740044059 0.0916804520343876 0.043093449651486 0.03923999984304 0.0225820652057445 0.0395162258850386 0.0397577291828749 0.0173032135051496 0.0486498498065911 0.042265607469313 0.0879541957400667 0.101894077063875 0.0615074019614754 0.0251741320344913 0.0309963546168582 0.0128970538755689 0.0412773956758032 0.033147471565867
0.0506510233031437 0.0214992230663369 1 0.0680501336099525 0.0193107311940924 0.0271964146610211 0.0271361025631432 0.77487277977708 0.0420403370827771 0.0314449515982348 0.0267183357241701 0.021056131503869 0.0665640235470275 0.0449432809691672 0.0583450618636501 0.0693375245281536 0.0802300129912293 0.0330612386038221 0.112766777704456 0.0361495345576559 0.0918845837747533 0.0334578199654221 0.0616411209466804 0.0477085478397226 0.0338168197276136 0.0197932745961478 0.074586773714827 0.0416798003680698 0.0370895088617047 0.0126242233711467 0.00813626827111694 0.0933889290856439 0.0245334543357246 0.0296759396595977 0.0251513636432979 0.0564513080134471 0.0300797011073621 0.0269100965751279 0.0340364521380053 0.097349868431926 0.0339476290186418 0.0249567241978628 0.0129881083366533 0.0573967786142823 0.0161883071995997 0.0631975413095643 0.0164448378620068 0.094436933324052 0.027764597336809 0.0153215730576706 0.0451428398109079 0.037849205672806 0.0197104131996361 0.0162708563340129 0.065706586656454 0.0756756893245852 0.0622042608392156 0.0143799327135763 0.0143799327135763 0.0481125224324688 0.00597994104072974 0.0464183905296392 0.0473392539313745 0.0262454074555078 0.0266289158702827 0.0398683075465313 0.0159597047354259 0.0250588005516294 0.102769124659929 0.0591312395989083 0.00560560661663594 0.0172590372995234 0.0344967077913051 0.0411633135995094 0.0429059454597329 0.0269543241665303 0.0780047150941729 0.0765267928624551 0.0244722139843217 0.0664695593825809 0.0581703743007766 0.0289914754401696 0.011999616018431 0.0471118422690702 0.0286889529273358 0.0102651876737261 0.0115562540880256 0.00355693995765295 0.0415779196720485 0.111929390349246 0.0322882062101659 0.0740812130355502 0.00566138517072298 0.0293695091309973 0.0357910179173875 0.0623648062444548 0.0361560528207209 0.0251479873947233 0.0377425678048199 0.0218374989983719 0.0275394028640937 0.0409286466204113 0.037229039552497 0.0163068140714234 0.0423275410066974 0.018374407251183 0.0740649745814257 0.0308400779492642 0.04054202128421 0.0471055719765996 0.0258755332840642 0.0172058178163615 0.0862239858365687 0.0188669709589409 0.0786699875115624 0.0314449515982348 0.0488596756488342 0.0392874222048424 0.0279624068206341 0.0975135124084839 0.0602938368007222 0.0345666449221858 0.0519562000628295 0.0350356376900289 0.0303288491288731 0.0241548712340097 0.0257015389751481 0.0721913469707017 0.0356738620615871 0.057178756201362 0.035337674637011 0.0276735811426841 0.0324206664321029 0.0679910366525527 0.0288115453707695 0.159391928508556 0.0395284707521047 0.0066720064085453 0.0213416397459177 0.0372256176085077 0.0197223697753184 0.0585359960712802 0.0869375611279942 0.0265728467918643 0.0289353230042672 0.0594274265520349 0.0212234277942177 0.0413061732852136 0.0568385107316059 0.0232747032057864 0.0190985974292854 0.0851938354280761 0.0489507751013249 0.0468064859560723 0.0441995696087864 0.0338870793950512 0.0477984307978557 0.0431833517087531 0.0584705346204686 0.0369891473323046 0.0344304861603667 0.0255890739919757 0.0387357313926819 0.0637703459860721 0.085627378211237 0.0324045604834835 0.0196116135138184 0.060627736439046 0.0500343288746243
0.0721056575164682 0.017900541203075 0.0680501336099525 1 0.0807572853087248 0.0882176367164547 0.0320080003546381 0.0682445916971186 0.135714735123616 0.108798628102907 0.0630304589499985 0.0372546866158224 0.0605217006881053 0.043373619897468 0.0542218815471592 0.0408930410054765 0.0516186329793149 0.0341222958485593 0.0636146425162864 0.0473774052379541 0.0451588092407605 0.0375854203762302 0.100406147088311 0.0442152330324458 0.15955257765046 0.0259409700014849 0.0488765325324301 0.158175998637434 0.0484357262632052 0.0297814430204519 0.0143955277163341 0.092762586190136 0.0691298673045918 0.0700076575063325 0.00890007901327442 0.117505288673015 0.100981765512302 0.0585995413566137 0.0240883252022401 0.106816409548093 0.0400424386346344 0.173947952924963 0.0306398735985262 0.120685365548192 0.0169730537269005 0.0186359382297242 0.0517260600111872 0.0361270473926084 0.0151150764671711 0.028915746598312 0.08102893957696 0.012755567824703 0.058122837575513 0.0690913983226222 0.016316476073918 0.0644671251893477 0.0348517680173529 0.0593657514426335 0.139933556971922 0.0414714720113237 0.0305653990975197 0.22422307577435 0.111676675240884 0.0398023633576017 0.0314097555695893 0.0627014533679533 0.0705939025753732 0.0258630300055936 0.0499140543083787 0.0802095158542079 0.0132240256798662 0.0203576497663365 0.0773111835803394 0.0285609387243725 0.00920165313346668 0.0300272759080398 0.0204465205027383 0.0984720876034997 0.0781075908985047 0.0455832644656829 0.101548764721682 0.106009084297738 0.0141539748709209 0.0523012681954837 0.0241711733693837 0.0605407740364524 0.0136310136684922 0.0209776874112747 0.150900426075028 0.0858160589744531 0.0623210568134342 0.115184614532504 0.0400668337976507 0.0329927457339684 0.283790587127229 0.049041008148819 0.14345018816356 0.021187819741924 0.0890374084392237 0.0147189191764597 0.0305729011171369 0.0193107191055551 0 0.0230813622273108 0.05760789641773 0.0303425757409728 0.0166404338816734 0.061682690577931 0.0358655695477044 0.166688104272603 0.119541029643878 0.0811795019548517 0.216969098909284 0.0346177453054705 0.0518555012090202 0.108798628102907 0.110460814372955 0.0215154248480426 0.0179905394637091 0.0460082656673334 0.117619437970847 0.0219544715170903 0.086354995243928 0.0654324907779266 0.0858575009949657 0.0598322166189224 0.0513037993963801 0.208623054930416 0.0584424889551152 0.1523743429792 0.0125046140986709 0.0299218108749165 0.0323580500089484 0.106930468747218 0.0424803060931183 0.0548358013807405 0.0609714682310974 0.0393493470541571 0.0209776874112747 0.263453658205083 0.0232632382374653 0.0411616176543035 0.0512729763041896 0.036567556774904 0.0136520980023135 0.070096768160668 0.0500675793646668 0.110436768893403 0.270750777463355 0.0594822413394872 0.0225274765183098 0.0442152330324458 0.05312004954671 0.0598107453675334 0.022809048515134 0.109254116399834 0.115444665879133 0.0222846324724221 0.306045855066191 0.0654450268701201 0.0203059929233943 0.0482931600072871 0.0349395464118399 0.117843721112659 0.172295047610598 0.0764446685763919 0.156145031630885 0.172471507939047 0.0393448497289177
0.128828207375127 0.0221658530677988 0.0193107311940924 0.0807572853087248 1 0.104272628551738 0.0378332321731822 0.0437619332257371 0.0355495930384474 0.0811399816382755 0.153311035167967 0.188370997241582 0.0719044950629403 0.0119352479006572 0.0271149509711866 0.102606488507161 0.0466070477772124 0.0497980619465284 0.0250640205913801 0.0527997747214418 0.0559191769115618 0.044214152594306 0.0986071549822506 0.0597281093431553 0.0635048056727989 0.0224854995207196 0.0574966156035362 0.0449962245236368 0.0706179774988128 0.0184388584302959 0.038622286438704 0.0502538332028354 0.0597223393475525 0.0712087954351712 0.033062326126679 0.349210218913549 0.214601745033687 0.152683688082343 0.0397707362419849 0.0248003343768958 0.0926432024772087 0.0381085210310185 0.00948517322040787 0.275192119805858 0.044661901439333 0.0715370858385001 0.0600480576769077 0.128614106896592 0.0530305715782787 0.0358057437019716 0.0358344227163428 0.0381711141707176 0.0359861264239609 0.0380241708546759 0.0479853062512104 0.0583360266562026 0.0783625567195193 0.0958272645253584 0.299296113860024 0.0621644326357887 0.0756969454351321 0.122682817002459 0.122017775217313 0.0794058760256343 0.0680645368856187 0.0501436972264035 0.253503218546729 0.0549010813046013 0.0721087430529116 0.043183351708753 0.0307031719243172 0.0113437968597264 0.0302314000271392 0.0389030320629357 0.0683652485218387 0.059053965473261 0.0379777262656375 0.060967928297152 0.0609749843620211 0.060960352288636 0.299070709771601 0.342992557597058 0.0540402297474922 0.0586919484984673 0.0887942357832385 0.0299865325115933 0.0443073473099104 0.0649405416832664 0.0934283671734104 0.0694804188676942 0.180065239532805 0.0885293486550908 0.0289414380708153 0.0551531748133754 0.27590178482894 0.037954012416141 0.0948166892060797 0.0446019122901093 0.0413449115297362 0.0227826491445805 0.0768985796845193 0.0941536806090588 0.0577750234786048 0.0571623034109521 0.0428007674087872 0.0456238172395759 0.0656799975321897 0.0577748739544203 0.0503331003908905 0.106069891240375 0.0582651878760926 0.0779051868503225 0.102849523555291 0.078078095538718 0.052383103118459 0.0811399816382755 0.11596670152276 0.0645558221034646 0.0297030612902742 0.0256369681956895 0.138871392232402 0.0194183909345154 0.0689880794585771 0.025586412105876 0.0310086836473021 0.209918663196196 0.216574040912105 0.268877638509242 0.196841151049365 0.235079030933299 0.0606464234558698 0.0673664206168786 0.0555491974557441 0.00331024217624566 0.05260244438718 0.0824524127990323 0.079940806503179 0.194901782068229 0.0337690816752985 0.0543714946166432 0.0244854101103733 0.0772764008867116 0.0537224919556055 0.0711555660690496 0.0521240513218673 0.0135623925237629 0.118459701533413 0.255403467094324 0.252246874108031 0.0878201064258794 0.0650890030232076 0.0821261503468385 0.0185892676530481 0.150973257152394 0.0484182026135042 0.230977821419496 0.30585214552925 0.0473049916791266 0.0960768922830523 0.0450217563928561 0.048193571169528 0.0598003756845819 0.0582411910026 0.0776187933255127 0.389914112796079 0.21513586354963 0.064450338663549 0.0703210846407743 0.0460132167666652
0.0839815992936196 0.0339814919986509 0.0271964146610211 0.0882176367164547 0.104272628551738 1 0.0697749895904445 0.0584445650279726 0.0344207454505895 0.219384726624053 0.0971625413446944 0.0632779668307512 0.103941551623238 0.0751156515721664 0.0300045010127532 0.0619314110962686 0.0722033279428148 0.0818223910391617 0.0277350098112615 0.0454428107065883 0.0595578612508289 0.038303835569673 0.0913248382542316 0.0771086575954987 0.102480439489537 0.0217714912937254 0.0586009038673119 0.0743208708594911 0.0468325771910535 0.032731137827489 0.043149078510448 0.0764626732090835 0.0674635574928055 0.0779407874937134 0.0391263395341825 0.108010983785018 0.134161843968045 0.0790406796627325 0.0288808873371779 0.060832478613992 0.0530627970915815 0.102673855514247 0.0642878563574314 0.0882296769052652 0.0635936766487109 0.0714998560228958 0.131786905501034 0.0794104816677718 0.0302039000827256 0.0346687622640768 0.058290171408568 0.0254889809464433 0.0627181507505318 0.0598272108173615 0.0440162270463791 0.0594564367693118 0.0395865491922955 0.0940553683966785 0.116933701249925 0.0575734768602884 0.0563794248132766 0.150046896984107 0.14177184340738 0.0556749167603806 0.037658973975046 0.0532499511722125 0.0677112926649283 0.0398683075465313 0.0797931317028218 0.0794429909506736 0.0515289118667369 0.00732238938674672 0.107328566434508 0.0513650438511557 0.0220647890820344 0.0550610244902004 0.0919294383460238 0.0885479141053641 0.0590387747423414 0.102746538630211 0.167821277819534 0.0861002892974581 0.0367683760524916 0.0548686404702479 0.0637564813601911 0.0508100866997099 0.118486831645986 0.0251513636432979 0.17640017368641 0.0514449201045182 0.0622669351733397 0.200009070911858 0.0320256307610174 0.0435126037586919 0.087172246191508 0.0367488145023659 0.0627533757747919 0.099072883482872 0.056712054472635 0.0485302513956958 0.0916390518354299 0.0491995700691372 0.032906132905791 0.0714900846186006 0.0414416648447825 0.051970671870379 0.0798047173713301 0.0701623865442711 0.0458680610769188 0.188749126465839 0.03659353010396 0.233593928713143 0.134133043189135 0.0711518032294227 0.0523558415485052 0.219384726624053 0.103647023933598 0.10715298167462 0.0323548486055466 0.0220647890820344 0.0983865712281824 0.0300828418798093 0.0667974207074758 0.0330319159917525 0.0228754505435839 0.0409921757958148 0.0615110946027179 0.148036273859325 0.0588588694746773 0.116802071388298 0.0524737696711081 0.0815340703571171 0.0969898476661527 0.0705128205128205 0.0475366245856483 0.197237448650903 0.111803398874989 0.0377425678048199 0.0955751818445321 0.131612433224166 0.0474157927912673 0.0764145226440209 0.0756604787857534 0.0584572805038707 0.0381926778093289 0.0472742283413356 0.075036148566572 0.0662045171989732 0.0680153630891526 0.035658351011651 0.040514243260199 0.0481929109971867 0.0581505540310538 0.0441295781640688 0.0312538153958997 0.0734828031468662 0.112661981824132 0.030535240827623 0.10336227882434 0.10026189481776 0.0284037019508023 0.0965024413013886 0.0483358206035047 0.0420862811463397 0.117533770177465 0.0958200259204617 0.145608801509123 0.1008712554448 0.0314485451016576
0.150562781562807 0.0622964357177074 0.0271361025631432 0.0320080003546381 0.0378332321731822 0.0697749895904445 1 0.0445314205675777 0.0930989028281416 0.0860533497143549 0.0391705329074637 0.027010754447041 0.132351660455457 0.0335436403617752 0.0526182354785609 0.151676351116185 0.0654938239228696 0.120870998683425 0.0301892763255977 0.136026103528147 0.0196448868852634 0.0179853605235374 0.150615391456354 0.0909263226998983 0.0446195667753053 0.230209599650592 0.0637864883343843 0.119021627811238 0.116906758756716 0.0323886462715133 0.0354864297260126 0.0605300674506569 0.229391944102094 0.139220931482749 0.0800149886025484 0.0477091018784036 0.0237453339437984 0.0339891265464674 0.0436618782884784 0.0441436898453432 0.0641759059882194 0.0838195862366933 0.0466511188845704 0.0179269265815878 0.191973102931134 0.08269104583854 0.0168763185138904 0.0550056832787376 0.0767121560246133 0.110065069937075 0.0765407571432183 0.0240452305004273 0.131479245397653 0.153619502841848 0.092273452709551 0.043145151469302 0.0829872940036573 0.156795614002985 0.0295144685182089 0.0835575259711362 0.132964933745803 0.0657834882421582 0.185752198195178 0.103888424748872 0.10384490651562 0.0454604162386131 0.0368515269786372 0.183228601007952 0.0579026753131149 0.127433730154648 0.0546505251944492 0.0159406928690079 0.180549355948936 0.0646074904111554 0.0760547791686066 0.0614701185702871 0.0222365020926506 0.161829094219328 0.0915933929330221 0.123736282632586 0.021490794757817 0.0297521555287761 0.0225765148956173 0.0426599696824235 0.137394578588992 0.181720578496798 0.0770865405878555 0.0146010686548197 0.0820554685514793 0.0402031701654689 0.039160001778652 0.0483795202483472 0 0.0803736215746162 0.0632574027341166 0.0960017067121791 0.15685176044488 0.053459059466045 0.0919905415142367 0.112052363098918 0.144634856144192 0.0672040558871629 0.119393304210094 0.0686121603115913 0.0751813850620402 0.131995612431013 0.115822165136141 0.206408229016133 0.0499269183531437 0.0644553744363944 0.0287673285181174 0.077691966468071 0.0294954453331722 0.0946586846857904 0.123475736507752 0.0860533497143549 0.0376062440834461 0.128154431042044 0.039131026560642 0.0320230649130975 0.0642556697635565 0.136436948635955 0.142993016783462 0.0659173256020414 0.0663991878599002 0.0495772964170059 0.0202891519319343 0.0518598555335931 0.0162710555622742 0.0651989065220867 0.0924754100455568 0.16566481307185 0.161237944309588 0.0837299875085334 0.142909604809364 0.03748572290446 0.0561677831472867 0.0410824015008881 0.0620545417829837 0.0354736066453482 0.0465516469685446 0.172129003753364 0.0651982326280973 0.118170289273837 0.21182097896793 0.0609866869694134 0.183576724758952 0.0763019408911983 0.0336518325108911 0.0437898748434464 0.0506325779290349 0.034971662576884 0.0924326732462029 0.0600432467120578 0.150252616965439 0.0162288982971507 0.0303658759982626 0.157877171816883 0.030002344024694 0.0442862826238398 0.0206114272826521 0.176820576546365 0.0537822283977112 0.0981653342799158 0.0284298476476154 0.0453474454147995 0.0855362829225267 0.040259023368198 0.074168080460074
0.0720649237088733 0.0271773007844367 0.77487277977708 0.0682445916971186 0.0437619332257371 0.0584445650279726 0.0445314205675777 1 0.062765211468906 0.0414457473673051 0.052495709907015 0.063348902682781 0.0619860753285436 0.1158986817893 0.0562321070056666 0.0941084139603394 0.0830715901024521 0.0479573712255773 0.101147940470662 0.0517897634552035 0.105311029137253 0.0369772472507839 0.0933566856544331 0.0615148436592663 0.0622900169823511 0.032137828553889 0.124666517858467 0.0654243704705149 0.0466841413899631 0.0343636659607243 0.0192331501259114 0.0908390789530444 0.0351479434613392 0.0619509297529051 0.0345918657602989 0.0485251042569911 0.0696130522809505 0.0533808674233319 0.0438862033491243 0.0583822241408675 0.0522188413741635 0.0721587641239327 0.016746715000485 0.0879500330428755 0.0309229836885919 0.0950671991546736 0.042407563251844 0.129444806647874 0.0348814151370689 0.0342427923468385 0.0708602692382982 0.0356334423137542 0.0593002113133514 0.0363643832557981 0.0713442563641076 0.140942170531477 0.0748584167159807 0.0587141707389808 0.0525337317138249 0.0699890216947501 0.0274149903850304 0.0779017309956943 0.0742038859917052 0.0580123224814318 0.0503580186451354 0.0666370567755029 0.0651644793786015 0.0457732428750062 0.140303972655557 0.0559116278097314 0.0313204823403282 0.0267043210308486 0.0415143414989818 0.0707673268971414 0.0569988614147389 0.0450522467685403 0.0707773696660053 0.0936892794660035 0.0544464394894218 0.0690955623601664 0.082004592385764 0.0548258617766456 0.036101717318903 0.100051343369948 0.0598905149381165 0.028677594704999 0.0149004988770537 0.0183451071397515 0.0632324060546946 0.173184536356265 0.0529862269930566 0.0636796331659514 0.0194659302195709 0.0480872401437768 0.044439315503918 0.11615131933807 0.0791113555813241 0.0679391865530221 0.0425817223553113 0.0294978261086038 0.0375977477591647 0.0422183346514467 0.0320017921505421 0.03364130458313 0.0587748391748904 0.0284300949972854 0.0682132229114848 0.0449515535695683 0.0627292897526178 0.0607373736328271 0.0389242116857041 0.0473279579302915 0.0741174659969997 0.0414457473673051 0.0974582731933306 0.0414457473673051 0.0734989434602816 0.0410078393658842 0.0415171882812781 0.113997722829478 0.0916958905411949 0.0479982760112511 0.0487212485540216 0.0451745415149771 0.046926796065037 0.0892823576747033 0.0713768758535955 0.0915313005700931 0.0647371667084172 0.0910192834220703 0.0379699870185497 0.0654169851464065 0.0578808389847606 0.0857186953743598 0.0371492696658664 0.191245999130494 0.0784116121907722 0.0344112281509068 0.0305751785662526 0.0594264369663109 0.0220391538865419 0.0754756287879745 0.0948506939188704 0.045683623864769 0.0563778436162469 0.0862031574282033 0.029971452896913 0.0686458314065415 0.0507370922599551 0.0583530308057398 0.0396744298418661 0.166968861360866 0.0420777046421403 0.0938804776242759 0.0759872108851611 0.0446645728563292 0.0723916601489205 0.0742401449169043 0.0910977284669241 0.0582919015586169 0.0493269624550506 0.0395931033060998 0.0568006499166195 0.0931880368026267 0.0714397847708441 0.0531771689703684 0.0505739702353308 0.0858366839992025 0.0493808403539513
0.0932446962939718 0.0302658664656444 0.0420403370827771 0.135714735123616 0.0355495930384474 0.0344207454505895 0.0930989028281416 0.062765211468906 1 0.0115775546891036 0.0526997482890367 0.0242267142296109 0.0982867495259808 0.0150431227468841 0.0878799586419171 0.0587839411040555 0.0755270668834266 0.146452160094114 0.0541552418887829 0.053608557572621 0.151532499010676 0.019064596448626 0.0891602119445391 0.0878278219043456 0.084487846881888 0.0870461395500646 0.0533977886145163 0.201831563136804 0.0829101847835279 0.0542272237358558 0.0561684503908748 0.160611288644916 0.126710758182311 0.105360087529555 0.0509319303440075 0.0458481974926617 0.0489850910311778 0.051444812354709 0.084589014949933 0.164626567775017 0.0608504073553369 0.0480317764945846 0.0537977776397829 0.0666137065442237 0.0447021705555504 0.0596252162412835 0.0201824670335438 0.0258427517692625 0.0373514569922249 0.050770539270734 0.173435578050375 0.0298617942747452 0.0997847876533503 0.0958509239651214 0.0700299644770274 0.0696566052148245 0.0486681657852717 0.0612173478108587 0.0330904582761398 0.0868682102813869 0.0311910854154767 0.038657191925605 0.0666425727873677 0.0672970163712866 0.0759838156685888 0.0530071631161159 0.0514160626362273 0.0980291255914984 0.0519345570554567 0.0979705187869258 0.0567572338787459 0.0285953220237992 0.13971281583315 0.0445756126893904 0.0933477938486597 0.0868365200132576 0.0438780131812414 0.1045927477328 0.133829431500421 0.0469541738323969 0.0471183907797615 0.0693824426460199 0.0515442291731813 0.0918310575796442 0.0427543432352696 0.0566922982764972 0.0132963676306792 0.0458363987774873 0.0618222230273424 0.105602432706014 0.0459310182744595 0.0464924660413805 0.0104221811608394 0.0630782146289837 0.0329442761282946 0.0956740693222358 0.25414029654309 0.14715367893545 0.201929759991263 0.1033744657473 0.0790291637945573 0.0922995083678435 0.0385514106379867 0.0585382379581589 0.0404593940873929 0.0405910699208789 0.0292174299909264 0.122188053081603 0.082098268441317 0.0831045478158045 0.0635131950662189 0.0696841353783313 0.0158731825109792 0.0559581809973343 0.100099968628929 0.0115775546891036 0.0449734804924934 0.100738626359184 0.0514766723671838 0.0825768945584297 0.0576327385466446 0.220273526554008 0.180425829753256 0.12362107943895 0.135860575846656 0.0355738302660581 0.0491343777274219 0.0548207550616986 0.0273636988343537 0.0623773380632541 0.0439114375970499 0.0721720354176145 0.0860826786476136 0.0667553851162947 0.0176799573674862 0.0489047439921725 0.0643725059369417 0.024565316578614 0.0327402848410624 0.176218821243206 0.0399381273262671 0.055952480985637 0.0584781499996067 0.114143394481949 0.0870039710011397 0.0529912981482337 0.0641876156385558 0.0380207677147449 0.0402443814810907 0.064270447768659 0.106942173835076 0.144288564557139 0.0288366938159404 0.10411869313889 0.0762825551635948 0.0270328697990372 0.0502818797829879 0.0770129887228042 0.0134549780223625 0.0680942177324115 0.0316919581867355 0.0423967918020305 0.130035055667753 0.279794694606534 0.0394083789184783 0.0352502922305663 0.0361034945925219 0.0459574991174057 0.138164112862972
0.094435420306519 0.0264690337833202 0.0314449515982348 0.108798628102907 0.0811399816382755 0.219384726624053 0.0860533497143549 0.0414457473673051 0.0115775546891036 1 0.103187254788164 0.0413156038454782 0.0907011082735351 0.0534461406011266 0.0308370739741484 0.068423643083544 0.0333930803849281 0.0648716045749123 0.0213784562404506 0.0385306102799126 0.0400650472133055 0.0653024093928064 0.0435164196858997 0.0891543255284476 0.168518550845361 0.0479477410453551 0.0758859916548059 0.0711153431690069 0.0589136905649946 0.0183487474038157 0.0301555457048486 0.0450074176499746 0.0392241136461455 0.0499106481776905 0.0263205999644426 0.0608131339221571 0.0585168802493882 0.0866495164732129 0.0474916511427166 0.0572555925161197 0.0451863067918586 0.201812502765331 0.0113265828138304 0.0979321295184799 0.0266661827633962 0.0496016009450631 0.0191214725630609 0.0934851101643794 0.0447004886733024 0.0427569124809013 0.0496377445703 0.0188613043509263 0.0859446278140687 0.0368923874092982 0.0241267206128428 0.0916593749442081 0.0515343427103357 0.0768096788161722 0.106593023663259 0.0467989143846198 0.0521494706265297 0.254447223730667 0.230700797174242 0.0702986105930583 0.0464447343723033 0.0366996479138064 0.0591516392463982 0.0355113061885416 0.0650200362875167 0.041253421350753 0.0464407499717321 0.0255869482551374 0.0421171220985342 0.0316742009390568 0.0272124585384362 0.0496240882817374 0.0151168513789225 0.103138960824959 0.0652800811852951 0.0593143837942869 0.0608745980324059 0.0884894232746204 0.0139527267090789 0.0338346901551102 0.0643342385590131 0.0492359798669196 0.0251947522982042 0.0186114747197557 0.284493650149486 0.0195221271062936 0.081913260585223 0.30540190777623 0.162925718541733 0.0451265486705155 0.107509350140139 0.031725565609761 0.0659278882808836 0.0579602065566575 0.0720000018808164 0.0217644575387891 0.0635727668971724 0.0517545323316217 0.0243498392129624 0.0341297701353738 0.0425915993032927 0.0320476608280582 0.056900792337412 0.0561282976688092 0.0477300806228034 0.205397563739172 0.0789787681539497 0.531167609825522 0.275710005871647 0.0804387568555758 0.0524634098787619 1 0.124276890991428 0.0685230257726246 0.0243852690721811 0.0408186878076542 0.10718362595535 0.0255070106483339 0.0617858401473466 0.0407381933735573 0.0370285723958484 0.113750021820619 0.0706891298389776 0.335241487781535 0.0708621757033911 0.240086253339375 0.0400621564129688 0.0522890157899654 0.0815573029391992 0.0158115118287606 0.0397824852381485 0.0492296798417462 0.0477300806228034 0.0872771821292048 0.0217133871730484 0.034782287247728 0.0275189641176265 0.0795165795309255 0.0291599722852091 0.061795922236116 0.0437384537594004 0.0356297379826272 0.0409828530094227 0.206526201284542 0.0800703330054251 0.049051682176889 0.0527420282752848 0.0416053519132755 0.0700094108802225 0.0578264743941768 0.0457725029028988 0.342803408564363 0.174674705096047 0.0447201207826438 0.184840901442922 0.0591382892430129 0.0225194313929816 0.0847990855257461 0.0317933158077668 0.0852723736799975 0.0900472778577654 0.0899154861312332 0.235163018644957 0.304790558996517 0.046865722290702
0.105384931061401 0.0381533027347139 0.0267183357241701 0.0630304589499985 0.153311035167967 0.0971625413446944 0.0391705329074637 0.052495709907015 0.0526997482890367 0.103187254788164 1 0.062688019520952 0.0638558983773289 0.0129749824026921 0.030880728928558 0.10140455731427 0.0665911807017147 0.0918674923372763 0.0544949260913066 0.0510216948117992 0.0607905543680065 0.0581849779948978 0.0932150253291038 0.113629775830124 0.0997201143513039 0.0558727202509395 0.0789542033951723 0.0661805425780855 0.0483755126422646 0.0367494461524353 0.0549058833523714 0.035120363422198 0.0562683574507771 0.0875093554087533 0.0718850757447785 0.411267492992489 0.176350256128554 0.141333480093973 0.0540441856734964 0.0395425153326695 0.0567401573008143 0.0504344888088566 0.0309344112444873 0.182272943602554 0.0571207125876192 0.0576995890936758 0.130558241966773 0.085106776115209 0.0203471679878746 0.0291937104060571 0.0467473495004229 0.0314800093867678 0.023472626340651 0.0671720266484758 0.0384377572050415 0.0133511467458638 0.0666697151915633 0.128435202234514 0.205496323575223 0.0822711377207915 0.0506407726416575 0.14038977171422 0.106117845188492 0.0625099673072956 0.0761080656096628 0.0386858971649331 0.101365352947869 0.0397891785041595 0.0415949423624944 0.0657233537538228 0.0311526757403489 0.019183122518337 0.0876399913099475 0.0269131256838077 0.0557406455175733 0.0546875504781055 0.0206430705961193 0.0773256467395209 0.0960015673853238 0.0957246185814622 0.125616144581084 0.11508401898678 0.0349311977263576 0.0660050429779326 0.0997833150216506 0.0244490982651218 0.0366987921708787 0.0621260744197396 0.121880811868566 0.0755331786690717 0.0605897664639175 0.122975312104009 0.0359573259980396 0.0355305613590947 0.154704276211584 0.0412603615199202 0.0782860316909488 0.0456351911705725 0.0636744314548617 0.0594416419395249 0.0643058228420728 0.0779854034733032 0.0738918497535788 0.100980709945883 0.0801338628133967 0.0758562517048545 0.100802378964216 0.0936795941893933 0.0482804549585268 0.130892578601184 0.0992911988067571 0.152991759839844 0.16429109877256 0.0665724224439766 0.0440875640321385 0.103187254788164 0.161627045958809 0.111396154862698 0.0282543029822948 0.0123868101150163 0.187790856367408 0.0548860430196974 0.0749979493028602 0.0278153624947738 0.0417361819620102 0.130403226459397 0.160099747178324 0.157613181827592 0.0818192821386808 0.151317147872152 0.0420827318078432 0.0842202733205443 0.0613783171523702 0.129550055126259 0.0419355830470926 0.0685445821654148 0.0965609099170535 0.11653431646335 0.0677738993669886 0.0675520529473198 0.0375789841927207 0.064346786536368 0.0849490997123038 0.0679779822559877 0.0612592625743182 0.0147438750999496 0.0601772301820954 0.236114227239981 0.100663501581435 0.123187769047223 0.0581236337733141 0.0757531838867493 0.062180506186979 0.117674696092655 0.0263180677983908 0.111201147333303 0.169862259030198 0.025712973861329 0.214695775678694 0.137042665978442 0.0501140252336026 0.0568836294863813 0.0651238455270729 0.0742548615321103 0.179949621158126 0.126293764165466 0.0544949260913066 0.113254931430583 0.041194292043555
0.0784072118324122 0.030463405619087 0.021056131503869 0.0372546866158224 0.188370997241582 0.0632779668307512 0.027010754447041 0.063348902682781 0.0242267142296109 0.0413156038454782 0.062688019520952 1 0.0546616524960809 0.0402621095321264 0.0232302208547361 0.055940287642188 0.0539051027399323 0.0475116770120857 0.0268414063547509 0.0483765411303561 0.0419192340480219 0.041866968417468 0.147839672785165 0.10447397554587 0.0528952470968824 0.0240800324722346 0.113425643918074 0.0257942600756973 0.0580142885033005 0.0230374999778804 0.0467699053641989 0.0269087625619227 0.0373085296087966 0.0649854907492306 0.0550774037189907 0.116347483454157 0.121605531285829 0.138255897873321 0.0503106560524374 0.0545345234078024 0.103684453779639 0.0372621647236792 0.0284418489807991 0.131154394762102 0.0354497650228593 0.0899550320601916 0.0120038418441836 0.0978115461120512 0.0935384020281314 0.0436172853264703 0.0386825836060656 0.0532823249598513 0.0539532568025273 0.0320674808047965 0.0378649365916054 0.069048948196124 0.0936493483877016 0.0767561886982809 0.122022658956241 0.0668621975551801 0.0676580176672166 0.0919679080350239 0.085371408567285 0.0574731820786027 0.0349878019526965 0.0339519918732522 0.048055098759103 0.0308670218850435 0.0838413004288801 0.0550323219385778 0.0214818949943497 0.0283458676026976 0.0868735189982298 0.0636289235334861 0.115310932252431 0.0459087958014241 0.00948987022501404 0.0558604180881482 0.0583187211673648 0.0558534767500552 0.16559878048255 0.142844906730099 0.107298612643047 0.0667553034859349 0.0523534583473451 0.0365285289253082 0.0411227709750609 0.0545238479237865 0.0560300892334051 0.0520852791677496 0.202476073597074 0.0737390142812903 0.00619875727373744 0.0719709406839896 0.102324900474376 0.0739747679643056 0.0935715024598653 0.0688375128533214 0.038742232960859 0.0204945334564431 0.037248331221345 0.0179254184827071 0 0.0553493775453217 0.0962554611246222 0.0844976354884231 0.0444092410990997 0.0322992352609275 0.0909999568278118 0.116047750818197 0.0944386961374123 0.041445742918342 0.0251755377059337 0.0826312076909563 0.0861372513274619 0.0413156038454782 0.0401230344722313 0.0476254535346362 0.0528831594361633 0.0256246516116514 0.0939470667846129 0.0291135928451636 0.0672310626119857 0.0479514746440052 0.0354214701356425 0.158685741290647 0.196987694362562 0.110661132054675 0.141049940787247 0.129849683309182 0.0715799884678321 0.0631256777366958 0.0546123052669943 0.0248148889532358 0.0920100527037526 0.0399944474373665 0.0466097339849768 0.0219159165159459 0.0389456056598475 0.0582271856903271 0.025913273041159 0.103533497002894 0.102511848305255 0.0792033564619592 0.0316818302468084 0.0244005783141152 0.0298773397325464 0.117589958886356 0.169945480215724 0.0849463699785236 0.0801604207494239 0.0970115487211648 0.049309355738751 0.111040156983823 0.0574689929184908 0.111310804803783 0.194388637177533 0.0591028316032265 0.0800256122945573 0.074250209409089 0.0628309798423512 0.0672431019982519 0.0349279263639341 0.04422145698788 0.181995057205037 0.219333157523247 0.112733906689954 0.0507630505694062 0.0405803920307999
